a) Demorgan's theorm
(x+y+z)' = x'y'z'

x   y   z   |   x'  y'  z'  |    (x+y+z)    |   (x+y+z)'    |   x'y'z'
----------------------------------------------------------------------
0   0   0   |   1   1   1   |       0       |       1       |     1
0   0   1   |   1   1   0   |       1       |       0       |     0
0   1   0   |   1   0   1   |       1       |       0       |     0
0   1   1   |   1   0   0   |       1       |       0       |     0
1   0   0   |   0   1   1   |       1       |       0       |     0
1   0   1   |   0   1   0   |       1       |       0       |     0
1   1   0   |   0   0   1   |       1       |       0       |     0
1   1   1   |   0   0   0   |       1       |       0       |     0

(xyz)' = x' + y' + z'

x   y   z   |   x'  y'  z'  |    (xyz)      |   (xyz)'      |   x'+y'+z'
------------------------------------------------------------------------
0   0   0   |   1   1   1   |       0       |       1       |     1
0   0   1   |   1   1   0   |       0       |       1       |     1
0   1   0   |   1   0   1   |       0       |       1       |     1
0   1   1   |   1   0   0   |       0       |       1       |     1
1   0   0   |   0   1   1   |       0       |       1       |     1
1   0   1   |   0   1   0   |       0       |       1       |     1
1   1   0   |   0   0   1   |       0       |       1       |     1
1   1   1   |   0   0   0   |       1       |       0       |     0


b) The distributive law: x + yz = (x+y)(x+z)

x   y   z   |   yz  |   x+yz    |   x+y |   x+z |   (x+y)(x+z)
--------------------------------------------------------------
0   0   0   |   0   |    0      |   0   |   0   |       0 
0   0   1   |   0   |    0      |   0   |   1   |       0
0   1   0   |   0   |    0      |   1   |   0   |       0
0   1   1   |   1   |    1      |   1   |   1   |       1
1   0   0   |   0   |    1      |   1   |   1   |       1
1   0   1   |   0   |    1      |   1   |   1   |       1
1   1   0   |   0   |    1      |   1   |   1   |       1
1   1   1   |   1   |    1      |   1   |   1   |       1

c) The distributive law: x(y+z) = xy + xz

x   y   z   |  y+z  |   x(y+z)  |   xy  |   xz  |     xy+xz
--------------------------------------------------------------
0   0   0   |   0   |    0      |   0   |   0   |       0 
0   0   1   |   1   |    0      |   0   |   0   |       0
0   1   0   |   1   |    0      |   0   |   0   |       0
0   1   1   |   1   |    0      |   0   |   0   |       0
1   0   0   |   0   |    0      |   0   |   0   |       0
1   0   1   |   1   |    1      |   0   |   1   |       1
1   1   0   |   1   |    1      |   1   |   0   |       1
1   1   1   |   1   |    1      |   1   |   1   |       1

d) The associative law: x + (y + z) = (x + y) + z

x   y   z   |   y+z |  x+(y+z)  |  x+y  |   (x+y)+z |
----------------------------------------------------
0   0   0   |   0   |    0      |   0   |     0     |
0   0   1   |   1   |    1      |   0   |     1     |
0   1   0   |   1   |    1      |   1   |     1     |
0   1   1   |   1   |    1      |   1   |     1     |
1   0   0   |   0   |    1      |   1   |     1     |
1   0   1   |   1   |    1      |   1   |     1     |
1   1   0   |   1   |    1      |   1   |     1     |
1   1   1   |   1   |    1      |   1   |     1     |

e) The associative law: x(yz) = (xy)z

x   y   z   |   yz  |  x(yz)    |  xy   |   (xy)z   |
----------------------------------------------------
0   0   0   |   0   |    0      |   0   |     0     |
0   0   1   |   0   |    0      |   0   |     0     |
0   1   0   |   0   |    0      |   0   |     0     |
0   1   1   |   1   |    0      |   0   |     0     |
1   0   0   |   0   |    0      |   0   |     0     |
1   0   1   |   0   |    0      |   0   |     0     |
1   1   0   |   0   |    0      |   1   |     0     |
1   1   1   |   1   |    1      |   1   |     1     |
