a) F = xz + xy' + yz'

x   y   z   |   F  | 
--------------------
0   0   0   |   0  | 
0   0   1   |   0  | 
0   1   0   |   1  | 
0   1   1   |   0  | 
1   0   0   |   1  | 
1   0   1   |   1  | 
1   1   0   |   1  | 
1   1   1   |   1  |

b) F = a'b'c' + ab'c + a'bc' + abc'

a   b   c   |   a'b'c'  | ab'c  |   a'bc'   |   abc'    |   F   | 
-----------------------------------------------------------------
0   0   0   |     1     |   0   |    0      |    0      |   1   |
0   0   1   |     0     |   0   |    0      |    0      |   0   |
0   1   0   |     0     |   0   |    1      |    0      |   1   |
0   1   1   |     0     |   0   |    0      |    0      |   0   |
1   0   0   |     0     |   0   |    0      |    0      |   0   |
1   0   1   |     0     |   1   |    0      |    0      |   1   |
1   1   0   |     0     |   0   |    0      |    1      |   1   |
1   1   1   |     0     |   0   |    0      |    0      |   0   |