a) F = (ac + b)(ab + d)
     = acab + acd + abb + bd
     = acb + acd + ab + bd
     = abc + acd + ab + bd
     = ab(c + 1) + acd + bd
     = ab + acd + bd
     sum_min(5, 7, 11, 12, 13, 14, 15)
     pro_max(0, 1, 2, 3, 4, 6, 8, 9, 10)

a   b   c   d   |   F   | min_term
-----------------------------------
0   0   0   0   |   0   |     0
0   0   0   1   |   0   |     1
0   0   1   0   |   0   |     2
0   0   1   1   |   0   |     3
0   1   0   0   |   0   |     4
0   1   0   1   |   1   |     5
0   1   1   0   |   0   |     6
0   1   1   1   |   1   |     7
1   0   0   0   |   0   |     8
1   0   0   1   |   0   |     9
1   0   1   0   |   0   |    10
1   0   1   1   |   1   |    11
1   1   0   0   |   1   |    12
1   1   0   1   |   1   |    13
1   1   1   0   |   1   |    14
1   1   1   1   |   1   |    15

b) F = (a' + c' + d')(ab + cd)
     = a'ab + a'cd + c'ab + c'cd + d'ab + d'cd
     = a'cd + abc' + abd'
     sum_min(3, 7, 12, 13, 14)
     pro_max(0, 1, 2, 4, 5, 6, 8, 9, 10, 11, 15)

a   b   c   d   |   F   | min_term
-----------------------------------
0   0   0   0   |   0   |     0
0   0   0   1   |   0   |     1
0   0   1   0   |   0   |     2
0   0   1   1   |   1   |     3
0   1   0   0   |   0   |     4
0   1   0   1   |   0   |     5
0   1   1   0   |   0   |     6
0   1   1   1   |   1   |     7
1   0   0   0   |   0   |     8
1   0   0   1   |   0   |     9
1   0   1   0   |   0   |    10
1   0   1   1   |   0   |    11
1   1   0   0   |   1   |    12
1   1   0   1   |   1   |    13
1   1   1   0   |   1   |    14
1   1   1   1   |   0   |    15

c) F = (b + c'd')(a + bc')
     = ba + bbc' + c'd'a + c'd'bc'
     = ab + bc' + ac'd' + bc'd
     = ab + ac'd' + bc'(1 + d)
     = ab + ac'd' + bc'
     sum_min(4, 5, 8, 12, 13, 14, 15)
     pro_max(0, 1, 2, 3, 6, 7, 9, 10, 11)

a   b   c   d   |   F   | min_term
-----------------------------------
0   0   0   0   |   0   |     0
0   0   0   1   |   0   |     1
0   0   1   0   |   0   |     2
0   0   1   1   |   0   |     3
0   1   0   0   |   1   |     4
0   1   0   1   |   1   |     5
0   1   1   0   |   0   |     6
0   1   1   1   |   0   |     7
1   0   0   0   |   1   |     8
1   0   0   1   |   0   |     9
1   0   1   0   |   0   |    10
1   0   1   1   |   0   |    11
1   1   0   0   |   1   |    12
1   1   0   1   |   1   |    13
1   1   1   0   |   1   |    14
1   1   1   1   |   1   |    15

d) F = a'b'c' + acd + ab'd' + b'cd
     sum_min(0, 1, 3, 8, 10, 11, 15)
     pro_max(2, 4, 5, 6, 7, 9, 12, 13, 14)

a   b   c   d   |   F   | min_term
-----------------------------------
0   0   0   0   |   1   |     0
0   0   0   1   |   1   |     1
0   0   1   0   |   0   |     2
0   0   1   1   |   1   |     3
0   1   0   0   |   0   |     4
0   1   0   1   |   0   |     5
0   1   1   0   |   0   |     6
0   1   1   1   |   0   |     7
1   0   0   0   |   1   |     8
1   0   0   1   |   0   |     9
1   0   1   0   |   1   |    10
1   0   1   1   |   1   |    11
1   1   0   0   |   0   |    12
1   1   0   1   |   0   |    13
1   1   1   0   |   0   |    14
1   1   1   1   |   1   |    15

