F(A, B, C, D) = AB' + BC + ACD'

A   B   C   D   |   F   | min_term
-----------------------------------
0   0   0   0   |   0   |     0
0   0   0   1   |   0   |     1
0   0   1   0   |   0   |     2
0   0   1   1   |   0   |     3
0   1   0   0   |   0   |     4
0   1   0   1   |   0   |     5
0   1   1   0   |   1   |     6
0   1   1   1   |   1   |     7
1   0   0   0   |   1   |     8
1   0   0   1   |   1   |     9
1   0   1   0   |   1   |    10
1   0   1   1   |   1   |    11
1   1   0   0   |   0   |    12
1   1   0   1   |   0   |    13
1   1   1   0   |   1   |    14
1   1   1   1   |   1   |    15

sum_min = (6, 7, 8, 9, 10, 11, 14, 15)
pro_max = (0, 1, 2, 3, 4, 5, 12, 13)