a) F = (w + xy')(x + y'z)
   SOP form
   F = wx + wy'z + xy'
   POS form
   F = 

   w   x   y   z   |   F   | min_term
-----------------------------------
   0   0   0   0   |   0   |     0
   0   0   0   1   |   0   |     1
   0   0   1   0   |   0   |     2
   0   0   1   1   |   0   |     3
   0   1   0   0   |   0   |     4
   0   1   0   1   |   1   |     5
   0   1   1   0   |   0   |     6
   0   1   1   1   |   0   |     7
   1   0   0   0   |   1   |     8
   1   0   0   1   |   1   |     9
   1   0   1   0   |   1   |    10
   1   0   1   1   |   1   |    11
   1   1   0   0   |   1   |    12
   1   1   0   1   |   1   |    13
   1   1   1   0   |   1   |    14
   1   1   1   1   |   1   |    15  

   sum_min(5, 8, 9, 10, 11, 12, 13, 14, 15)
   sum_pro(0, 1, 2, 3, 4, 6, 7)
