2 Input truth table

x   y   |   F   |
-----------------
0   0   |   0   |
0   1   |   0   |
1   0   |   0   |
1   1   |   0   |


3 Input truth table

x   y   z   |   F   |
---------------------
0   0   0   |   0   |
0   0   1   |   0   |
0   1   0   |   0   |
0   1   1   |   0   |
1   0   0   |   0   |
1   0   1   |   0   |
1   1   0   |   0   |
1   1   1   |   0   |

4 Input truth table

w   x   y   z   |   F   |
-------------------------
0   0   0   0   |   0   |
0   0   0   1   |   0   |
0   0   1   0   |   0   |
0   0   1   1   |   0   |
0   1   0   0   |   0   |
0   1   0   1   |   0   |
0   1   1   0   |   0   |
0   1   1   1   |   0   |
1   0   0   0   |   0   |
1   0   0   1   |   0   |
1   0   1   0   |   0   |
1   0   1   1   |   0   |
1   1   0   0   |   0   |
1   1   0   1   |   0   |
1   1   1   0   |   0   |
1   1   1   1   |   0   |