four bit binary to bcd convertor

w   x   y   z   |   a   |   b   |   c   |   d   |   e   |
---------------------------------------------------------
0   0   0   0   |   0   |   0   |   0   |   0   |   0   |
0   0   0   1   |   0   |   0   |   0   |   0   |   1   |
0   0   1   0   |   0   |   0   |   0   |   1   |   0   |
0   0   1   1   |   0   |   0   |   0   |   1   |   1   |
0   1   0   0   |   0   |   0   |   1   |   0   |   0   |
0   1   0   1   |   0   |   0   |   1   |   0   |   1   |
0   1   1   0   |   0   |   0   |   1   |   1   |   0   |
0   1   1   1   |   0   |   0   |   1   |   1   |   1   |
1   0   0   0   |   0   |   1   |   0   |   0   |   0   |
1   0   0   1   |   0   |   1   |   0   |   0   |   1   |
1   0   1   0   |   1   |   0   |   0   |   0   |   0   |
1   0   1   1   |   1   |   0   |   0   |   0   |   1   |
1   1   0   0   |   1   |   0   |   0   |   1   |   0   |
1   1   0   1   |   1   |   0   |   0   |   1   |   1   |
1   1   1   0   |   1   |   0   |   1   |   0   |   0   |
1   1   1   1   |   1   |   0   |   1   |   0   |   1   |

a = wy + wx
b = wx'y'
c = w'x + xy
d = wxy' + w'y
e = z

reason we need 5 bits in output because binary numbers 10-15 require 5 bit to be represented in bcd.