    Inputs            Outputs
----------------------------------
D3  D2  D1  D0  |   x   y   V
----------------------------------
0   0   0   0   |   x   x   0
1   0   0   0   |   0   0   1
x   1   0   0   |   0   1   1
x   x   1   0   |   1   0   1
x   x   x   1   |   1   1   1


    Inputs           Outputs
----------------------------------
D0  D1  D2  D3  |   x   y   V
0   0   0   0   |   x   x   0 
0   0   0   1   |   0   0   1
0   0   1   0   |   0   1   1 
0   0   1   1   |   0   1   1 
0   1   0   0   |   1   0   1 
0   1   0   1   |   1   0   1 
0   1   1   0   |   1   0   1 
0   1   1   1   |   1   0   1 
1   0   0   0   |   1   1   1 
1   0   0   1   |   1   1   1    
1   0   1   0   |   1   1   1 
1   0   1   1   |   1   1   1 
1   1   0   0   |   1   1   1 
1   1   0   1   |   1   1   1 
1   1   1   0   |   1   1   1 
1   1   1   1   |   1   1   1 


x = D1 + D0
y = D0 + D2.D1'
V = D0 + D1 + D2 + D3