a)

A   B   C   D   |   F   
----------------------------
0   0   0   0   |   1  
0   0   0   1   |   1   F = 1
---------------------------- 
0   0   1   0   |   1  
0   0   1   1   |   1   F = 1
----------------------------   
0   1   0   0   |   0
0   1   0   1   |   0   F = 0
----------------------------   
0   1   1   0   |   1
0   1   1   1   |   1   F = 1
----------------------------   
1   0   0   0   |   0
1   0   0   1   |   1   F = D
----------------------------      
1   0   1   0   |   1
1   0   1   1   |   0   F = D'
----------------------------   
1   1   0   0   |   0
1   1   0   1   |   1   F = D
----------------------------   
1   1   1   0   |   0
1   1   1   1   |   1   F = D

F = min(0, 1, 2, 3, 6, 7, 9, 10, 13, 15)

b)

A   B   C   D   |   F   
----------------------------
0   0   0   0   |   0  
0   0   0   1   |   1   F = D
---------------------------- 
0   0   1   0   |   0  
0   0   1   1   |   0   F = 0
----------------------------   
0   1   0   0   |   0
0   1   0   1   |   0   F = 0
----------------------------   
0   1   1   0   |   1
0   1   1   1   |   1   F = 1
----------------------------   
1   0   0   0   |   0
1   0   0   1   |   1   F = D
----------------------------      
1   0   1   0   |   1
1   0   1   1   |   1   F = 1
----------------------------   
1   1   0   0   |   1
1   1   0   1   |   0   F = D'
----------------------------   
1   1   1   0   |   1
1   1   1   1   |   1   F = 1

F = min(1, 6, 7, 9, 10, 11, 12, 14, 15)