a)

A   B   C   D   |   F   
----------------------------
0   0   0   0   |   1  
0   0   0   1   |   1 
0   0   1   0   |   0  
0   0   1   1   |   0   F = C'
----------------------------   
0   1   0   0   |   0
0   1   0   1   |   1     
0   1   1   0   |   0
0   1   1   1   |   1   F = D
----------------------------   
1   0   0   0   |   1
1   0   0   1   |   0       
1   0   1   0   |   0
1   0   1   1   |   0   F = C NOR D
----------------------------   
1   1   0   0   |   0
1   1   0   1   |   1  
1   1   1   0   |   1
1   1   1   1   |   0   F = C XOR D


b)
A   B   C   D   |   F   
----------------------------
0   0   0   0   |   0  
0   0   0   1   |   1 
0   0   1   0   |   1  
0   0   1   1   |   0   F = C XOR D
----------------------------   
0   1   0   0   |   1
0   1   0   1   |   0     
0   1   1   0   |   0
0   1   1   1   |   1   F = C XNOR D
----------------------------   
1   0   0   0   |   1
1   0   0   1   |   1       
1   0   1   0   |   1
1   0   1   1   |   1   F = 1
----------------------------   
1   1   0   0   |   0
1   1   0   1   |   1  
1   1   1   0   |   0
1   1   1   1   |   1   F = D