a) Truth table for circuit
x   y   z   |   F   | min_term
---------------------------------
0   0   0   |   1   |     0
0   0   1   |   1   |     1
0   1   0   |   1   |     2
0   1   1   |   0   |     3
1   0   0   |   0   |     4
1   0   1   |   0   |     5
1   1   0   |   0   |     6
1   1   1   |   0   |     7

F = x'y' + x'z'


b) Truth table for circuit
x   y   z   |   F   | min_term
---------------------------------
0   0   0   |   1   |     0
0   0   1   |   0   |     1
0   1   0   |   1   |     2
0   1   1   |   0   |     3
1   0   0   |   1   |     4
1   0   1   |   0   |     5
1   1   0   |   1   |     6
1   1   1   |   0   |     7

F = z'
