Grey code convertor

w   x   y   z   |   A   |   B   |   C   |   D   |
-------------------------------------------------
0   0   0   0   |   0   |   0   |   0   |   0   |
0   0   0   1   |   0   |   0   |   0   |   1   |
0   0   1   0   |   0   |   0   |   1   |   1   |
0   0   1   1   |   0   |   0   |   1   |   0   |
0   1   0   0   |   0   |   1   |   1   |   0   |
0   1   0   1   |   0   |   1   |   1   |   1   |
0   1   1   0   |   0   |   1   |   0   |   1   |
0   1   1   1   |   0   |   1   |   0   |   0   |
1   0   0   0   |   1   |   1   |   0   |   0   |
1   0   0   1   |   1   |   1   |   0   |   1   |
1   0   1   0   |   1   |   1   |   1   |   1   |
1   0   1   1   |   1   |   1   |   1   |   0   |
1   1   0   0   |   1   |   0   |   1   |   0   |
1   1   0   1   |   1   |   0   |   1   |   1   |
1   1   1   0   |   1   |   0   |   0   |   1   |
1   1   1   1   |   1   |   0   |   0   |   0   |

A = w
B = w'x + wx' = w XOR x
C = x'y + xy' = x XOR y
D = y'z + yz' = y XOR z