w   x   y   z   |   B7  B6  B5  B4  B3  B2  B1  B0  |   DECIMAL
---------------------------------------------------------------
0   0   0   0   |   0   0   0   0   0   0   0   0   |      0
0   0   0   1   |   0   0   0   0   0   0   0   1   |      1
0   0   1   0   |   0   0   0   0   0   1   0   0   |      4
0   0   1   1   |   0   0   0   0   1   0   0   1   |      9
---------------------------------------------------------------
0   1   0   0   |   0   0   0   1   0   0   0   0   |     16
0   1   0   1   |   0   0   0   1   1   0   0   1   |     25
0   1   1   0   |   0   0   1   0   0   1   0   0   |     36
0   1   1   1   |   0   0   1   1   0   0   0   1   |     49
---------------------------------------------------------------
1   0   0   0   |   0   1   0   0   0   0   0   0   |     64
1   0   0   1   |   0   1   0   1   0   0   0   1   |     81
1   0   1   0   |   0   1   1   0   0   1   0   0   |    100 
1   0   1   1   |   0   1   1   1   1   0   0   1   |    121
---------------------------------------------------------------
1   1   0   0   |   1   0   0   1   0   0   0   0   |    144
1   1   0   1   |   1   0   1   0   1   0   0   1   |    169
1   1   1   0   |   1   1   0   0   0   1   0   0   |    196
1   1   1   1   |   1   1   1   0   0   0   0   1   |    225

B7 = wx
B6 = wx' + wy
B5 = w'xy + wx'y + wxz
B4 = xy'z' + w'xz + wx'z
B3 = 
B2 = 
B1 = 
B0 = 