Seq No  |   A   B   C   E   F   |   And Gate    |
-------------------------------------------------
    1   |   0   0   0   0   0   |      A'F'     |
    2   |   1   0   0   0   0   |      AB'      |
    3   |   1   1   0   0   0   |      BC'      |
    4   |   1   1   1   0   0   |      CE'      |
    5   |   1   1   1   1   0   |      EF'      |
    6   |   1   1   1   1   1   |      AF       |
    7   |   0   1   1   1   1   |      A'B      |
    8   |   0   0   1   1   1   |      B'C      |
    9   |   0   0   0   1   1   |      C'E      |
    10  |   0   0   0   0   1   |      E'F      |

    Total unused states = 2^32-10 = 32 -10 = 22