Present State   Inputs      Next State      Output  
-------------   ------      ----------      ------
    A   B       x   y        A    B           z
    ----------------------------------------------
    0   0       0   0        0    0           0  
    0   0       0   1        1    0           0  
    0   0       1   0        0    0           0  
    0   0       1   1        0    0           0  
    -------------------------------------------
    0   1       0   0        0    1           1  
    0   1       0   1        1    1           1  
    0   1       1   0        0    0           1  
    0   1       1   1        0    0           1
    -------------------------------------------  
    1   0       0   0        0    0           0  
    1   0       0   1        1    0           0  
    1   0       1   0        1    1           0  
    1   0       1   1        1    1           0
    -------------------------------------------  
    1   1       0   0        0    1           1  
    1   1       0   1        1    1           1  
    1   1       1   0        1    1           1  
    1   1       1   1        1    1           1  